
  10.0000   9.0000   9.0000   9.0000   9.0000   9.0000   9.0000   9.0000   9.0000   9.0000   9.0000   8.0000
  10.0000   9.4635   9.2305   9.1045   9.0228   8.9621   8.9109   8.8603   8.7981   8.6995   8.5000   8.0000
  10.0000   9.6233   9.3542   9.1645   9.0245   8.9147   8.8214   8.7323   8.6326   8.5000   8.3005   8.0000
  10.0000   9.6755   9.3986   9.1750   8.9961   8.8507   8.7275   8.6150   8.5000   8.3674   8.2019   8.0000
  10.0000   9.6802   9.3895   9.1406   8.9342   8.7645   8.6230   8.5000   8.3850   8.2677   8.1397   8.0000
  10.0000   9.6559   9.3387   9.0639   8.8355   8.6500   8.5000   8.3770   8.2725   8.1786   8.0891   8.0000
  10.0000   9.6048   9.2454   8.9407   8.6941   8.5000   8.3500   8.2355   8.1493   8.0853   8.0379   8.0000
  10.0000   9.5178   9.0973   8.7595   8.5000   8.3059   8.1645   8.0658   8.0039   7.9755   7.9772   8.0000
  10.0000   9.3692   8.8666   8.5000   8.2405   8.0593   7.9361   7.8594   7.8250   7.8355   7.8955   8.0000
  10.0000   9.0923   8.5000   8.1334   7.9027   7.7546   7.6613   7.6105   7.6014   7.6458   7.7695   8.0000
  10.0000   8.5000   7.9077   7.6308   7.4822   7.3952   7.3441   7.3198   7.3245   7.3767   7.5365   8.0000
  10.0000   7.0000   7.0000   7.0000   7.0000   7.0000   7.0000   7.0000   7.0000   7.0000   7.0000   8.0000
